1oo1 tao [0.0031200000000000004, 0.005660000000000001, 0.011040000000000005, 0.020360000000000014, 0.037900000000000024, 0.06424000000000005]
1oo1 lambda_de [0.00014000000000000001, 0.0012200000000000002, 0.011600000000000006, 0.07694000000000005]
1oo1 mdd [0.011560000000000006, 0.011500000000000005, 0.011660000000000005, 0.011100000000000006]
1oo1 DC [0.024520000000000014, 0.02212000000000001, 0.019200000000000016, 0.016200000000000013, 0.01380000000000001, 0.010640000000000005, 0.008580000000000003, 0.006040000000000001, 0.0028200000000000005]
1oo1 beta [0.010420000000000006, 0.011220000000000006, 0.010320000000000005, 0.010860000000000005, 0.010260000000000005, 0.011780000000000006, 0.010880000000000006, 0.011100000000000006, 0.011640000000000006, 0.012060000000000006, 0.010780000000000005]
1oo2 tao [0.00034, 0.0014800000000000002, 0.00368, 0.008500000000000002, 0.022320000000000007, 0.04314000000000004]
1oo2 lambda_de [0.00012, 0.00041999999999999996, 0.0034600000000000004, 0.027060000000000018]
1oo2 mdd [0.0036200000000000004, 0.00354, 0.0035600000000000002, 0.003740000000000001]
1oo2 DC [0.009520000000000004, 0.007960000000000002, 0.007340000000000002, 0.005860000000000001, 0.00512, 0.0031200000000000004, 0.0019800000000000004, 0.00136, 0.00030000000000000003]
1oo2 beta [0.00286, 0.0031000000000000003, 0.003340000000000001, 0.0032600000000000007, 0.003460000000000001, 0.003520000000000001, 0.0037200000000000006, 0.0037, 0.0038000000000000013, 0.0038800000000000006, 0.00408]
2oo3 tao [0.00065, 0.0037300000000000007, 0.011810000000000008, 0.04873000000000003, 0.1498300000000001, 0.35658000000000023]
2oo3 lambda_de [0.0, 0.0017300000000000004, 0.013710000000000009, 0.10455000000000006]
2oo3 mdd [0.014970000000000008, 0.012920000000000008, 0.012220000000000003, 0.012320000000000006]
2oo3 DC [0.03470000000000002, 0.030820000000000024, 0.02890000000000002, 0.021900000000000013, 0.020750000000000015, 0.014470000000000009, 0.009300000000000006, 0.0045400000000000015, 0.0017100000000000004]
2oo3 beta [0.013970000000000007, 0.013330000000000007, 0.013580000000000007, 0.013020000000000009, 0.014270000000000007, 0.013890000000000007, 0.013180000000000008, 0.01596000000000001, 0.014420000000000006, 0.012910000000000003, 0.014630000000000008]
